name: mimi_example
channels:
  - conda-forge
  - defaults
dependencies:
  - bzip2=1.0.8=h2466b09_7
  - ca-certificates=2025.1.31=h56e8100_0
  - intel-openmp=2024.2.1=h57928b3_1083
  - joblib=1.4.2=pyhd8ed1ab_1
  - libblas=3.9.0=31_h641d27c_mkl
  - libcblas=3.9.0=31_h5e41251_mkl
  - libexpat=2.6.4=he0c23c2_0
  - libffi=3.4.6=h537db12_0
  - libhwloc=2.11.2=default_ha69328c_1001
  - libiconv=1.18=h135ad9c_1
  - liblapack=3.9.0=31_h1aa476e_mkl
  - liblzma=5.6.4=h2466b09_0
  - libsqlite=3.49.1=h67fdade_1
  - libwinpthread=12.0.0.r4.gg4f2fc60ca=h57928b3_9
  - libxml2=2.13.6=he286e8c_0
  - libzlib=1.3.1=h2466b09_2
  - mkl=2024.2.2=h66d3029_15
  - numpy=2.2.3=py312h3150e54_0
  - openssl=3.4.1=ha4e3fda_0
  - pip=25.0.1=pyh8b19718_0
  - python=3.12.9=h3f84c4b_1_cpython
  - python_abi=3.12=5_cp312
  - scikit-learn=1.6.1=py312h816cc57_0
  - scipy=1.15.2=py312h451d5c4_0
  - setuptools=75.8.2=pyhff2d567_0
  - tbb=2021.13.0=h62715c5_1
  - threadpoolctl=3.6.0=pyhecae5ae_0
  - tk=8.6.13=h5226925_1
  - tzdata=2025a=h78e105d_0
  - ucrt=10.0.22621.0=h57928b3_1
  - vc=14.3=hbf610ac_24
  - vc14_runtime=14.42.34438=hfd919c2_24
  - wheel=0.45.1=pyhd8ed1ab_1

